28 31
00101010101010101010101010304010101010101010101010101001
13                        5153                        11
13  20505021  2050505021  5153  2050505021  20505021  11
13oo53    51  53      51  5153  53      51  53    51oo11
13  23525222  2352525222  2322  2352525222  23525222  11
13                                                    11
13  20505021  2021  2050505050505021  2021  20505021  11
13  23525222  5153  2352522120525222  5153  23525222  11
13            5153        5153        5153            11
031212121221  5123505021  5153  2050502253  201212121202
          13  5120525222  2322  2352522153  11          
          13  5153                    5153  11          
          13  5153  201212    121221  5153  11          
101010101022  2322  11            13  2322  231010101010
                    11            13                    
121212121221  2021  11            13  2021  201212121212
          13  5153  2310101010101022  5153  11          
          13  5153                    5153  11          
          13  5153  2050505050505021  5153  11          
001010101022  2322  2352522120525222  2322  231010101001
13                        5153                        11
13  20505021  2050505021  5153  2050505021  20505021  11
13  23522153  2352525222  2322  2352525222  51205222  11
13oo    5153                                5153    oo11
435021  5153  2021  2050505050505021  2021  5153  205031
335222  2322  5153  2352522120525222  5153  2322  235241
13            5153        5153        5153            11
13  20505050502223505021  5153  20505022235050505021  11
13  23525252525252525222  2322  23525252525252525222  11
13                                                    11
03121212121212121212121212121212121212121212121212121202